[gd_scene load_steps=57 format=3 uid="uid://otq6j3ndrf78"]

[ext_resource type="Script" path="res://scripts/player.gd" id="2_52hig"]
[ext_resource type="PackedScene" uid="uid://c8f472f3mleip" path="res://Rumba Dancing.fbx" id="3_1p5ru"]
[ext_resource type="Script" path="res://scripts/start_ik.gd" id="3_cn8r1"]

[sub_resource type="CylinderShape3D" id="CylinderShape3D_juonn"]

[sub_resource type="CylinderShape3D" id="CylinderShape3D_hy0x4"]

[sub_resource type="CylinderShape3D" id="CylinderShape3D_oevso"]

[sub_resource type="CylinderShape3D" id="CylinderShape3D_gbq4v"]

[sub_resource type="CylinderShape3D" id="CylinderShape3D_ioqmv"]

[sub_resource type="CapsuleShape3D" id="CapsuleShape3D_j7mfg"]
radius = 0.0196305
height = 0.196305

[sub_resource type="CapsuleShape3D" id="CapsuleShape3D_mqxo8"]
radius = 0.0129223
height = 0.129223

[sub_resource type="CapsuleShape3D" id="CapsuleShape3D_m5y7j"]
radius = 0.0274047
height = 0.274047

[sub_resource type="CapsuleShape3D" id="CapsuleShape3D_hemtu"]
radius = 0.0276145
height = 0.276145

[sub_resource type="CapsuleShape3D" id="CapsuleShape3D_qj7qu"]
radius = 0.00529806
height = 0.0529806

[sub_resource type="CapsuleShape3D" id="CapsuleShape3D_ffggg"]
radius = 0.00474497
height = 0.0474497

[sub_resource type="CapsuleShape3D" id="CapsuleShape3D_f7fw4"]
radius = 0.00438213
height = 0.0438213

[sub_resource type="CapsuleShape3D" id="CapsuleShape3D_0ec2g"]
radius = 0.00345908
height = 0.0345908

[sub_resource type="CapsuleShape3D" id="CapsuleShape3D_dq5cu"]
radius = 0.00389197
height = 0.0389197

[sub_resource type="CapsuleShape3D" id="CapsuleShape3D_0buwr"]
radius = 0.00341516
height = 0.0341516

[sub_resource type="CapsuleShape3D" id="CapsuleShape3D_brlfw"]
radius = 0.00307799
height = 0.0307799

[sub_resource type="CapsuleShape3D" id="CapsuleShape3D_2jrhe"]
radius = 0.00361397
height = 0.0361397

[sub_resource type="CapsuleShape3D" id="CapsuleShape3D_ms23l"]
radius = 0.00345976
height = 0.0345976

[sub_resource type="CapsuleShape3D" id="CapsuleShape3D_4pqnc"]
radius = 0.00368019
height = 0.0368019

[sub_resource type="CapsuleShape3D" id="CapsuleShape3D_aflb2"]
radius = 0.00360119
height = 0.0360119

[sub_resource type="CapsuleShape3D" id="CapsuleShape3D_mi7px"]
radius = 0.00330731
height = 0.0330731

[sub_resource type="CapsuleShape3D" id="CapsuleShape3D_vfqf1"]
radius = 0.00366012
height = 0.0366012

[sub_resource type="CapsuleShape3D" id="CapsuleShape3D_j1214"]
radius = 0.00413666
height = 0.0413666

[sub_resource type="CapsuleShape3D" id="CapsuleShape3D_erhka"]
radius = 0.00259483
height = 0.0259483

[sub_resource type="CapsuleShape3D" id="CapsuleShape3D_77qvm"]
radius = 0.00292387
height = 0.0292387

[sub_resource type="CapsuleShape3D" id="CapsuleShape3D_5diy3"]
radius = 0.0129223
height = 0.129223

[sub_resource type="CapsuleShape3D" id="CapsuleShape3D_d8vas"]
radius = 0.0274047
height = 0.274047

[sub_resource type="CapsuleShape3D" id="CapsuleShape3D_mcctq"]
radius = 0.0276145
height = 0.276145

[sub_resource type="CapsuleShape3D" id="CapsuleShape3D_f3u8m"]
radius = 0.00529806
height = 0.0529806

[sub_resource type="CapsuleShape3D" id="CapsuleShape3D_ag583"]
radius = 0.00474497
height = 0.0474497

[sub_resource type="CapsuleShape3D" id="CapsuleShape3D_3jbgu"]
radius = 0.00438214
height = 0.0438214

[sub_resource type="CapsuleShape3D" id="CapsuleShape3D_oe21i"]
radius = 0.00345907
height = 0.0345907

[sub_resource type="CapsuleShape3D" id="CapsuleShape3D_hfaih"]
radius = 0.00389197
height = 0.0389197

[sub_resource type="CapsuleShape3D" id="CapsuleShape3D_iqd2i"]
radius = 0.00341516
height = 0.0341516

[sub_resource type="CapsuleShape3D" id="CapsuleShape3D_lduoi"]
radius = 0.00307799
height = 0.0307799

[sub_resource type="CapsuleShape3D" id="CapsuleShape3D_076rd"]
radius = 0.00361397
height = 0.0361397

[sub_resource type="CapsuleShape3D" id="CapsuleShape3D_y5l8a"]
radius = 0.00345976
height = 0.0345976

[sub_resource type="CapsuleShape3D" id="CapsuleShape3D_680s5"]
radius = 0.00368019
height = 0.0368019

[sub_resource type="CapsuleShape3D" id="CapsuleShape3D_2jtsc"]
radius = 0.0036012
height = 0.036012

[sub_resource type="CapsuleShape3D" id="CapsuleShape3D_2ywn1"]
radius = 0.00330731
height = 0.0330731

[sub_resource type="CapsuleShape3D" id="CapsuleShape3D_72bo5"]
radius = 0.00366012
height = 0.0366012

[sub_resource type="CapsuleShape3D" id="CapsuleShape3D_13igp"]
radius = 0.00413665
height = 0.0413665

[sub_resource type="CapsuleShape3D" id="CapsuleShape3D_aljfn"]
radius = 0.00259484
height = 0.0259484

[sub_resource type="CapsuleShape3D" id="CapsuleShape3D_vtg8y"]
radius = 0.00292387
height = 0.0292387

[sub_resource type="CapsuleShape3D" id="CapsuleShape3D_81dm3"]
radius = 0.0405994
height = 0.405994

[sub_resource type="CapsuleShape3D" id="CapsuleShape3D_0v2ps"]
radius = 0.042099
height = 0.42099

[sub_resource type="CapsuleShape3D" id="CapsuleShape3D_lsqie"]
radius = 0.0157216
height = 0.157216

[sub_resource type="CapsuleShape3D" id="CapsuleShape3D_n60vx"]
radius = 0.01
height = 0.1

[sub_resource type="CapsuleShape3D" id="CapsuleShape3D_g3d6w"]
radius = 0.0405994
height = 0.405994

[sub_resource type="CapsuleShape3D" id="CapsuleShape3D_qe4y5"]
radius = 0.042099
height = 0.42099

[sub_resource type="CapsuleShape3D" id="CapsuleShape3D_301nw"]
radius = 0.0157216
height = 0.157216

[sub_resource type="CapsuleShape3D" id="CapsuleShape3D_eqhrr"]
radius = 0.01
height = 0.1

[sub_resource type="BoxShape3D" id="BoxShape3D_1vq6g"]
size = Vector3(1000, 1000, 0)

[node name="Player" instance=ExtResource("3_1p5ru")]
script = ExtResource("2_52hig")

[node name="Skeleton3D" parent="RootNode" index="0"]
bones/4/rotation = Quaternion(0.000474975, 1.00048, 0.000474975, 27.3505)
bones/5/rotation = Quaternion(0.000474975, 0.000474975, 0.000474975, 1.00048)

[node name="LeftArmIKTarget" type="Marker3D" parent="RootNode/Skeleton3D" index="2"]
transform = Transform3D(1, 0, 0, 0, 1, 0, 0, 0, 1, 0.183443, 1.69878, 0.00688595)
top_level = true

[node name="RightArmIKTarget" type="Marker3D" parent="RootNode/Skeleton3D" index="3"]
transform = Transform3D(1, 0, 0, 0, 1, 0, 0, 0, 1, -0.423073, 1.778, 0)
top_level = true

[node name="LeftArm" type="SkeletonIK3D" parent="RootNode/Skeleton3D" index="4"]
process_priority = 1
root_bone = &"mixamorig_LeftShoulder"
tip_bone = &"mixamorig_LeftHandMiddle1"
override_tip_basis = false
use_magnet = true
magnet = Vector3(10, 0, -1)
target_node = NodePath("../LeftArmIKTarget")
script = ExtResource("3_cn8r1")

[node name="RightArm" type="SkeletonIK3D" parent="RootNode/Skeleton3D" index="5"]
process_priority = 1
root_bone = &"mixamorig_RightShoulder"
tip_bone = &"mixamorig_RightHandMiddle1"
override_tip_basis = false
use_magnet = true
magnet = Vector3(-10, 0, -1)
target_node = NodePath("../RightArmIKTarget")
script = ExtResource("3_cn8r1")

[node name="Eyes" type="Marker3D" parent="RootNode/Skeleton3D" index="6"]
transform = Transform3D(1, 0, 0, 0, 1, 0, 0, 0, 1, 0, 1.71808, 0)

[node name="Physical Bone mixamorig_Hips" type="PhysicalBone3D" parent="RootNode/Skeleton3D" index="7"]
transform = Transform3D(1, -0.000709409, 1.91575e-07, 8.72664e-05, 0.122745, -0.992438, 0.000704021, 0.992438, 0.122745, 6.70977e-07, 1.04754, -0.00617187)
joint_offset = Transform3D(1, 0, 0, 0, 1, 0, 0, 0, 1, -7.23006e-07, 3.54098e-05, 0.0499998)
body_offset = Transform3D(1, -0.000695233, -8.59865e-05, 0, 0.122745, -0.992438, 0.00070053, 0.992438, 0.122745, 5.04693e-06, 0.0496174, -0.00617236)
bone_name = "mixamorig_Hips"

[node name="CollisionShape3D" type="CollisionShape3D" parent="RootNode/Skeleton3D/Physical Bone mixamorig_Hips" index="0"]
transform = Transform3D(0.244383, 0, -2.32831e-10, 2.91038e-10, 3.25963e-09, 0.261055, -3.81988e-11, -0.0589433, -1.11759e-08, 5.59878e-06, 0.00790334, 0.000977397)
shape = SubResource("CylinderShape3D_juonn")

[node name="Physical Bone mixamorig_Spine" type="PhysicalBone3D" parent="RootNode/Skeleton3D" index="8"]
transform = Transform3D(1, -1.47183e-05, 9.84157e-05, 9.94834e-05, 0.121236, -0.992624, 2.74721e-06, 0.992624, 0.121236, -6.4173e-06, 1.15538, -0.0193844)
joint_type = 1
joint_offset = Transform3D(1, 0, 0, 0, 1, 0, 0, 0, 1, 5.57564e-07, -9.68575e-08, 0.0586594)
body_offset = Transform3D(1, 6.96962e-08, -1.79057e-12, 8.39265e-10, 0, -1, -8.59472e-11, 1, 0, -5.57564e-07, 0.0586594, 9.68575e-08)
bone_name = "mixamorig_Spine"
joint_constraints/bias = 0.3
joint_constraints/damping = 1.0
joint_constraints/impulse_clamp = 0.0

[node name="CollisionShape3D" type="CollisionShape3D" parent="RootNode/Skeleton3D/Physical Bone mixamorig_Spine" index="0"]
transform = Transform3D(0.236203, 1.56142e-12, -1.03114e-10, -2.38742e-12, 3.72529e-09, 0.223967, -1.23705e-11, -0.0776196, -7.45058e-09, 2.63387e-06, 0.0282981, -0.0224793)
shape = SubResource("CylinderShape3D_hy0x4")

[node name="Physical Bone mixamorig_Spine1" type="PhysicalBone3D" parent="RootNode/Skeleton3D" index="9"]
transform = Transform3D(1, -1.47531e-05, 7.97893e-05, 8.09874e-05, 0.120847, -0.992668, 5.00266e-06, 0.992668, 0.120847, -1.70022e-05, 1.28041, -0.0346286)
joint_type = 1
joint_offset = Transform3D(1, 0, 0, 0, 1, 0, 0, 0, 1, -3.21667e-12, 1.03888e-08, 0.0672943)
body_offset = Transform3D(1, -2.95586e-11, 1.55921e-10, 2.6148e-12, 6.70552e-08, -0.999997, 4.54747e-13, 0.999997, 6.70552e-08, -7.27596e-12, 0.0672941, -1.49012e-08)
bone_name = "mixamorig_Spine1"
joint_constraints/bias = 0.3
joint_constraints/damping = 1.0
joint_constraints/impulse_clamp = 0.0

[node name="CollisionShape3D" type="CollisionShape3D" parent="RootNode/Skeleton3D/Physical Bone mixamorig_Spine1" index="0"]
transform = Transform3D(0.253927, -1.19371e-12, 1.81899e-12, -3.97904e-12, 6.51926e-09, 0.245112, 4.03304e-11, -0.0512231, 4.47035e-08, 3.47251e-06, 0.0603264, -0.0323679)
shape = SubResource("CylinderShape3D_oevso")

[node name="Physical Bone mixamorig_Spine2" type="PhysicalBone3D" parent="RootNode/Skeleton3D" index="10"]
transform = Transform3D(-1, -3.36343e-05, 8.54629e-05, -8.7124e-05, 0.0526843, -0.998599, 2.8829e-05, -0.998513, -0.0526733, -2.93616e-05, 1.42237, -0.0387963)
joint_type = 1
joint_offset = Transform3D(1, 0, 0, 0, 1, 0, 0, 0, 1, -5.57477e-07, -8.2422e-08, 0.0752679)
body_offset = Transform3D(-1, -2.924e-05, -1.69153e-06, -2.21844e-08, 0.0583304, -0.998285, 2.90329e-05, -0.998199, -0.0583199, -4.30162e-07, 0.0751388, 0.00438953)
bone_name = "mixamorig_Spine2"
joint_constraints/bias = 0.3
joint_constraints/damping = 1.0
joint_constraints/impulse_clamp = 0.0

[node name="CollisionShape3D" type="CollisionShape3D" parent="RootNode/Skeleton3D/Physical Bone mixamorig_Spine2" index="0"]
transform = Transform3D(0.348596, -1.51985e-11, -5.40695e-10, 2.81943e-11, -3.72529e-09, 0.211209, 2.30216e-11, -0.0780979, 1.21072e-08, 9.90709e-07, -0.0188444, 0.00428307)
shape = SubResource("CylinderShape3D_gbq4v")

[node name="Physical Bone mixamorig_Neck" type="PhysicalBone3D" parent="RootNode/Skeleton3D" index="11"]
transform = Transform3D(-0.997327, -0.0699309, -0.021164, 0.000291304, 0.286135, -0.958268, 0.0730619, -0.955712, -0.285088, 0.00110651, 1.54924, -0.0194518)
joint_type = 1
joint_offset = Transform3D(1, 0, 0, 0, 1, 0, 0, 0, 1, -1.99856e-08, -2.9346e-06, 0.0539582)
body_offset = Transform3D(-1, -1.77324e-06, -6.03497e-07, 1.09014e-06, 0.291509, -0.956648, 9.68575e-07, -0.956646, -0.291246, 1.25729e-08, 0.0516199, 0.0157123)
bone_name = "mixamorig_Neck"
joint_constraints/bias = 0.3
joint_constraints/damping = 1.0
joint_constraints/impulse_clamp = 0.0

[node name="CollisionShape3D" type="CollisionShape3D" parent="RootNode/Skeleton3D/Physical Bone mixamorig_Neck" index="0"]
transform = Transform3D(0.100402, -9.31323e-10, 1.86265e-09, 2.32831e-09, 3.72529e-09, 0.0855137, 4.65661e-10, -0.0663818, -2.42144e-08, 0, 0, 0)
shape = SubResource("CylinderShape3D_ioqmv")

[node name="Physical Bone mixamorig_Head" type="PhysicalBone3D" parent="RootNode/Skeleton3D" index="12"]
transform = Transform3D(-0.997201, -0.0699382, -0.0240875, -0.000655769, 0.332888, -0.942689, 0.0740288, -0.940068, -0.332798, 0.00461164, 1.69416, 0.0285903)
joint_type = 1
joint_offset = Transform3D(1, 0, 0, 0, 1, 0, 0, 0, 1, -2.0424e-07, -0.000237687, 0.098816)
body_offset = Transform3D(-0.999946, 4.84362e-05, -7.01845e-06, -1.5047e-06, 0.337281, -0.941122, 2.01538e-05, -0.941103, -0.338061, 5.00819e-07, 0.0930781, 0.0331821)
bone_name = "mixamorig_Head"
joint_constraints/bias = 0.3
joint_constraints/damping = 1.0
joint_constraints/impulse_clamp = 0.0

[node name="CollisionShape3D" type="CollisionShape3D" parent="RootNode/Skeleton3D/Physical Bone mixamorig_Head" index="0"]
transform = Transform3D(3.38236, -4.65661e-08, 2.08616e-07, -5.81145e-07, -2.68221e-07, 3.32539, 2.23517e-08, -0.950316, -9.53674e-07, 0, 0, 0)
shape = SubResource("CapsuleShape3D_j7mfg")

[node name="Physical Bone mixamorig_LeftShoulder" type="PhysicalBone3D" parent="RootNode/Skeleton3D" index="13"]
transform = Transform3D(-0.10517, -0.175541, -0.97884, -0.00548129, -0.98418, 0.177092, -0.994442, 0.0239899, 0.102545, 0.124273, 1.42688, -0.042331)
joint_type = 1
joint_offset = Transform3D(1, 0, 0, 0, 1, 0, 0, 0, 1, 1.72483e-08, 1.97742e-06, 0.0646115)
body_offset = Transform3D(1, 1.86265e-09, -6.70552e-07, 1.78814e-07, 3.49246e-09, -1, -2.70084e-07, 1, -2.92948e-06, 2.6077e-08, 0.0646117, -1.78814e-06)
bone_name = "mixamorig_LeftShoulder"
joint_constraints/bias = 0.3
joint_constraints/damping = 1.0
joint_constraints/impulse_clamp = 0.0

[node name="CollisionShape3D" type="CollisionShape3D" parent="RootNode/Skeleton3D/Physical Bone mixamorig_LeftShoulder" index="0"]
transform = Transform3D(5.58295, -7.45058e-08, 0, 1.49012e-07, -3.97209e-07, 5.40124, 3.57628e-07, -2.13179, -1.13249e-06, 0, 0, 0)
shape = SubResource("CapsuleShape3D_mqxo8")

[node name="Physical Bone mixamorig_LeftArm" type="PhysicalBone3D" parent="RootNode/Skeleton3D" index="14"]
transform = Transform3D(-0.0611928, 0.0223859, -0.997771, -0.000688298, -0.999876, -0.022382, -0.998084, -0.000684601, 0.0612026, 0.324269, 1.41858, -0.0573457)
joint_type = 1
joint_offset = Transform3D(1, 0, 0, 0, 1, 0, 0, 0, 1, -9.52379e-07, 7.10811e-05, 0.13706)
body_offset = Transform3D(1.00008, 1.77196e-06, -1.21593e-05, 1.24052e-06, -3.33044e-06, -1.00001, -7.94535e-08, 1.00024, -2.10201e-06, 2.61888e-06, 0.137061, -7.08103e-05)
bone_name = "mixamorig_LeftArm"
joint_constraints/bias = 0.3
joint_constraints/damping = 1.0
joint_constraints/impulse_clamp = 0.0

[node name="CollisionShape3D" type="CollisionShape3D" parent="RootNode/Skeleton3D/Physical Bone mixamorig_LeftArm" index="0"]
transform = Transform3D(2.11331, 2.98023e-08, 2.21189e-07, -1.37254e-07, 6.68151e-08, 1.8131, 4.61936e-07, -1.04877, 1.05378e-07, -1.11759e-08, 1.19209e-07, -1.49012e-07)
shape = SubResource("CapsuleShape3D_m5y7j")

[node name="Physical Bone mixamorig_LeftForeArm" type="PhysicalBone3D" parent="RootNode/Skeleton3D" index="15"]
transform = Transform3D(0.204372, 0.779403, 0.592246, 0.390635, 0.489769, -0.779395, -0.897504, 0.39068, -0.204416, 0.379206, 1.52918, -0.0375029)
joint_type = 1
joint_offset = Transform3D(1, 0, 0, 0, 1, 0, 0, 0, 1, 1.04408e-06, 1.61549e-06, 0.138073)
body_offset = Transform3D(0.999938, 2.38419e-06, 6.4075e-07, -4.296e-05, -1.3791e-05, -0.999999, -3.08156e-05, 0.999987, 3.8743e-07, -1.13249e-06, 0.138073, -1.66893e-06)
bone_name = "mixamorig_LeftForeArm"
joint_constraints/bias = 0.3
joint_constraints/damping = 1.0
joint_constraints/impulse_clamp = 0.0

[node name="CollisionShape3D" type="CollisionShape3D" parent="RootNode/Skeleton3D/Physical Bone mixamorig_LeftForeArm" index="0"]
transform = Transform3D(1, 0, 0, 0, 0, 1, 0, -1, 0, 0, 0, 0)
shape = SubResource("CapsuleShape3D_hemtu")

[node name="Physical Bone mixamorig_LeftHand" type="PhysicalBone3D" parent="RootNode/Skeleton3D" index="16"]
transform = Transform3D(-0.456722, -0.736082, 0.499589, -0.877733, 0.281401, -0.387811, 0.144876, -0.615628, -0.774605, 0.2842, 1.64707, 0.0112401)
joint_type = 1
joint_offset = Transform3D(1, 0, 0, 0, 1, 0, 0, 0, 1, -5.08502e-07, -1.0198e-07, 0.02649)
body_offset = Transform3D(-0.585195, 0.579895, 0.566806, 2.06754e-07, 0.698991, -0.715131, -0.810893, -0.418491, -0.409046, -0.0150149, 0.0189439, 0.0108352)
bone_name = "mixamorig_LeftHand"
joint_constraints/bias = 0.3
joint_constraints/damping = 1.0
joint_constraints/impulse_clamp = 0.0

[node name="CollisionShape3D" type="CollisionShape3D" parent="RootNode/Skeleton3D/Physical Bone mixamorig_LeftHand" index="0"]
transform = Transform3D(1, 0, 0, 7.45058e-09, 2.98023e-08, 1, 1.49012e-08, -1, -2.98023e-08, 0, 0, 0)
shape = SubResource("CapsuleShape3D_qj7qu")

[node name="Physical Bone mixamorig_LeftHandThumb1" type="PhysicalBone3D" parent="RootNode/Skeleton3D" index="17"]
transform = Transform3D(-0.121098, 0.846424, 0.518557, 0.760647, 0.414769, -0.499382, -0.637771, 0.333964, -0.694057, 0.258662, 1.66919, 0.0482258)
joint_type = 1
joint_offset = Transform3D(1, 0, 0, 0, 1, 0, 0, 0, 1, -4.76837e-07, 1.07253e-06, 0.0237252)
body_offset = Transform3D(1, -4.76837e-07, 0, 0, -4.91738e-07, -1, 2.98023e-08, 1, 1.49012e-08, 4.76837e-07, 0.0237252, -1.07288e-06)
bone_name = "mixamorig_LeftHandThumb1"
joint_constraints/bias = 0.3
joint_constraints/damping = 1.0
joint_constraints/impulse_clamp = 0.0

[node name="CollisionShape3D" type="CollisionShape3D" parent="RootNode/Skeleton3D/Physical Bone mixamorig_LeftHandThumb1" index="0"]
transform = Transform3D(1, 0, 0, 0, 0, 1, 0, -1, 0, 0, 0, 0)
shape = SubResource("CapsuleShape3D_ffggg")

[node name="Physical Bone mixamorig_LeftHandThumb2" type="PhysicalBone3D" parent="RootNode/Skeleton3D" index="18"]
transform = Transform3D(-0.12111, 0.846431, 0.518545, 0.760652, 0.414763, -0.499387, -0.637762, 0.333955, -0.694063, 0.234999, 1.69198, 0.0799004)
joint_type = 1
joint_offset = Transform3D(1, 0, 0, 0, 1, 0, 0, 0, 1, 8.33813e-07, 3.57958e-07, 0.0219105)
body_offset = Transform3D(0.999999, -4.47035e-08, 2.98023e-08, 1.3411e-05, 1.49012e-08, -1, -4.64916e-06, 1, -1.49012e-08, -8.34465e-07, 0.0219105, -3.57628e-07)
bone_name = "mixamorig_LeftHandThumb2"
joint_constraints/bias = 0.3
joint_constraints/damping = 1.0
joint_constraints/impulse_clamp = 0.0

[node name="CollisionShape3D" type="CollisionShape3D" parent="RootNode/Skeleton3D/Physical Bone mixamorig_LeftHandThumb2" index="0"]
transform = Transform3D(1, 0, 0, 0, 0, 1, 0, -1, 0, 0, 0, 0)
shape = SubResource("CapsuleShape3D_f7fw4")

[node name="Physical Bone mixamorig_LeftHandThumb3" type="PhysicalBone3D" parent="RootNode/Skeleton3D" index="19"]
transform = Transform3D(-0.12122, 0.846431, 0.518545, 0.760719, 0.414763, -0.499386, -0.637664, 0.333955, -0.694064, 0.214669, 1.71156, 0.107112)
joint_type = 1
joint_offset = Transform3D(1, 0, 0, 0, 1, 0, 0, 0, 1, -2.78337e-08, -1.70053e-07, 0.0172953)
body_offset = Transform3D(1, -5.96046e-08, 1.60933e-06, 0.000172049, -1.04308e-07, -1, -3.7536e-05, 1, -5.06639e-07, 0, 0.0172953, 1.78814e-07)
bone_name = "mixamorig_LeftHandThumb3"
joint_constraints/bias = 0.3
joint_constraints/damping = 1.0
joint_constraints/impulse_clamp = 0.0

[node name="CollisionShape3D" type="CollisionShape3D" parent="RootNode/Skeleton3D/Physical Bone mixamorig_LeftHandThumb3" index="0"]
transform = Transform3D(1, 0, 0, 0, 0, 1, 0, -1, 0, 0, 0, 0)
shape = SubResource("CapsuleShape3D_0ec2g")

[node name="Physical Bone mixamorig_LeftHandIndex1" type="PhysicalBone3D" parent="RootNode/Skeleton3D" index="20"]
transform = Transform3D(0.123583, 0.474043, 0.871786, 0.457018, 0.752616, -0.474029, -0.88083, 0.457004, -0.123636, 0.171148, 1.69302, 0.0342082)
joint_type = 1
joint_offset = Transform3D(1, 0, 0, 0, 1, 0, 0, 0, 1, -7.14096e-07, -2.37585e-06, 0.0194548)
body_offset = Transform3D(1, 1.49012e-07, -5.96046e-08, -8.19564e-08, -4.17233e-07, -1, -2.98023e-08, 1, -4.28408e-07, 7.15256e-07, 0.0194548, 2.38419e-06)
bone_name = "mixamorig_LeftHandIndex1"
joint_constraints/bias = 0.3
joint_constraints/damping = 1.0
joint_constraints/impulse_clamp = 0.0

[node name="CollisionShape3D" type="CollisionShape3D" parent="RootNode/Skeleton3D/Physical Bone mixamorig_LeftHandIndex1" index="0"]
transform = Transform3D(1, 0, 0, 0, 0, 1, 0, -1, 0, 0, 0, 0)
shape = SubResource("CapsuleShape3D_dq5cu")

[node name="Physical Bone mixamorig_LeftHandIndex2" type="PhysicalBone3D" parent="RootNode/Skeleton3D" index="21"]
transform = Transform3D(0.123594, 0.474042, 0.871784, 0.457013, 0.752616, -0.474034, -0.880831, 0.457004, -0.123625, 0.139291, 1.71034, 0.0387254)
joint_type = 1
joint_offset = Transform3D(1, 0, 0, 0, 1, 0, 0, 0, 1, 5.97319e-08, -1.19273e-07, 0.0170757)
body_offset = Transform3D(1, -2.98023e-08, -7.45058e-09, 0, 1.75089e-07, -1, 1.19209e-06, 1, 3.72529e-09, -5.96046e-08, 0.0170757, 1.19209e-07)
bone_name = "mixamorig_LeftHandIndex2"
joint_constraints/bias = 0.3
joint_constraints/damping = 1.0
joint_constraints/impulse_clamp = 0.0

[node name="CollisionShape3D" type="CollisionShape3D" parent="RootNode/Skeleton3D/Physical Bone mixamorig_LeftHandIndex2" index="0"]
transform = Transform3D(1, 0, 0, 0, 0, 1, 0, -1, 0, 0, 0, 0)
shape = SubResource("CapsuleShape3D_0buwr")

[node name="Physical Bone mixamorig_LeftHandIndex3" type="PhysicalBone3D" parent="RootNode/Skeleton3D" index="22"]
transform = Transform3D(0.123599, 0.474042, 0.871784, 0.457017, 0.752616, -0.474034, -0.880828, 0.457004, -0.123625, 0.110988, 1.72573, 0.0427388)
joint_type = 1
joint_offset = Transform3D(1, 0, 0, 0, 1, 0, 0, 0, 1, -1.18865e-07, 4.02167e-10, 0.0153899)
body_offset = Transform3D(1, -2.98023e-08, -2.23517e-08, -1.60187e-06, 1.75089e-07, -1, 7.09295e-06, 1, -2.6077e-08, 1.19209e-07, 0.0153899, 0)
bone_name = "mixamorig_LeftHandIndex3"
joint_constraints/bias = 0.3
joint_constraints/damping = 1.0
joint_constraints/impulse_clamp = 0.0

[node name="CollisionShape3D" type="CollisionShape3D" parent="RootNode/Skeleton3D/Physical Bone mixamorig_LeftHandIndex3" index="0"]
transform = Transform3D(1, 0, 0, 0, 0, 1, 0, -1, 0, 0, 0, 0)
shape = SubResource("CapsuleShape3D_brlfw")

[node name="Physical Bone mixamorig_LeftHandMiddle1" type="PhysicalBone3D" parent="RootNode/Skeleton3D" index="23"]
transform = Transform3D(9.53674e-07, 8.70754e-05, -1, 0, -1, -8.70754e-05, -1, 7.5596e-17, -9.53674e-07, 0.20369, 1.6973, 0.0065014)
joint_type = 1
joint_offset = Transform3D(1, 0, 0, 0, 1, 0, 0, 0, 1, -1.35088e-05, -6.04358e-05, 0.01763)
body_offset = Transform3D(1, -1.77295e-13, 0, 0, -1.85828e-07, -1, 0, 1, -1.85835e-07, 1.35088e-05, 0.01763, 6.04391e-05)
bone_name = "mixamorig_LeftHandMiddle1"
joint_constraints/bias = 0.3
joint_constraints/damping = 1.0
joint_constraints/impulse_clamp = 0.0

[node name="CollisionShape3D" type="CollisionShape3D" parent="RootNode/Skeleton3D/Physical Bone mixamorig_LeftHandMiddle1" index="0"]
transform = Transform3D(1, 0, 0, 0, 0, 1, 0, -1, 0, 0, 0, 0)
shape = SubResource("CapsuleShape3D_2jrhe")

[node name="Physical Bone mixamorig_LeftHandMiddle2" type="PhysicalBone3D" parent="RootNode/Skeleton3D" index="24"]
transform = Transform3D(-7.28634e-06, 8.70754e-05, -1, -7.20451e-10, -1, -8.70754e-05, -1, 7.5474e-17, 7.28634e-06, 0.239243, 1.70566, 0.0064904)
joint_type = 1
joint_offset = Transform3D(1, 0, 0, 0, 1, 0, 0, 0, 1, -2.43948e-05, 0.00830198, 0.0170441)
body_offset = Transform3D(1, -1.77295e-13, -8.24002e-06, -8.24002e-06, -1.85828e-07, -1, 1.41782e-12, 1, -1.85835e-07, 2.45352e-05, 0.0170441, -0.00830197)
bone_name = "mixamorig_LeftHandMiddle2"
joint_constraints/bias = 0.3
joint_constraints/damping = 1.0
joint_constraints/impulse_clamp = 0.0

[node name="CollisionShape3D" type="CollisionShape3D" parent="RootNode/Skeleton3D/Physical Bone mixamorig_LeftHandMiddle2" index="0"]
transform = Transform3D(1, 0, 0, 0, 0, 1, 0, -1, 0, 0, 0, 0)
shape = SubResource("CapsuleShape3D_ms23l")

[node name="Physical Bone mixamorig_LeftHandMiddle3" type="PhysicalBone3D" parent="RootNode/Skeleton3D" index="25"]
transform = Transform3D(9.25742e-06, 8.70754e-05, -1, 7.2315e-10, -1, -8.70754e-05, -1, 7.56638e-17, -9.25743e-06, 0.275198, 1.69736, 0.00651484)
joint_type = 1
joint_offset = Transform3D(1, 0, 0, 0, 1, 0, 0, 0, 1, -5.2566e-10, 3.41954e-09, 0.0184009)
body_offset = Transform3D(1, -1.77295e-13, 8.30376e-06, 8.30375e-06, -1.85828e-07, -1, 1.44507e-12, 1, -1.85835e-07, -1.52271e-07, 0.0184009, 0)
bone_name = "mixamorig_LeftHandMiddle3"
joint_constraints/bias = 0.3
joint_constraints/damping = 1.0
joint_constraints/impulse_clamp = 0.0

[node name="CollisionShape3D" type="CollisionShape3D" parent="RootNode/Skeleton3D/Physical Bone mixamorig_LeftHandMiddle3" index="0"]
transform = Transform3D(1, 0, 0, 0, 0, 1, 0, -1, 0, 0, 0, 0)
shape = SubResource("CapsuleShape3D_4pqnc")

[node name="Physical Bone mixamorig_LeftHandRing1" type="PhysicalBone3D" parent="RootNode/Skeleton3D" index="26"]
transform = Transform3D(0.123584, 0.474042, 0.871785, 0.457019, 0.752616, -0.47403, -0.880829, 0.457004, -0.123637, 0.178535, 1.71297, -0.0116048)
joint_type = 1
joint_offset = Transform3D(1, 0, 0, 0, 1, 0, 0, 0, 1, 9.51528e-07, -2.10412e-06, 0.0180051)
body_offset = Transform3D(1, 0, 1.19209e-07, -1.49012e-07, -2.98023e-08, -1, 1.07288e-06, 1, -2.31341e-06, -9.53674e-07, 0.0180051, 2.14577e-06)
bone_name = "mixamorig_LeftHandRing1"
joint_constraints/bias = 0.3
joint_constraints/damping = 1.0
joint_constraints/impulse_clamp = 0.0

[node name="CollisionShape3D" type="CollisionShape3D" parent="RootNode/Skeleton3D/Physical Bone mixamorig_LeftHandRing1" index="0"]
transform = Transform3D(1, 0, 0, 0, 0, 1, 0, -1, 0, 0, 0, 0)
shape = SubResource("CapsuleShape3D_aflb2")

[node name="Physical Bone mixamorig_LeftHandRing2" type="PhysicalBone3D" parent="RootNode/Skeleton3D" index="27"]
transform = Transform3D(0.123608, 0.474039, 0.871786, 0.457006, 0.752619, -0.474034, -0.880834, 0.457005, -0.123619, 0.14842, 1.72934, -0.00733658)
joint_type = 1
joint_offset = Transform3D(1, 0, 0, 0, 1, 0, 0, 0, 1, -5.91487e-07, -9.7401e-08, 0.0165368)
body_offset = Transform3D(1, 2.98023e-07, -2.75671e-07, -1.22786e-05, -2.64496e-07, -1, 5.36442e-07, 1, -1.31875e-06, 5.96046e-07, 0.0165368, 1.19209e-07)
bone_name = "mixamorig_LeftHandRing2"
joint_constraints/bias = 0.3
joint_constraints/damping = 1.0
joint_constraints/impulse_clamp = 0.0

[node name="CollisionShape3D" type="CollisionShape3D" parent="RootNode/Skeleton3D/Physical Bone mixamorig_LeftHandRing2" index="0"]
transform = Transform3D(1, 0, 0, 0, 0, 1, 0, -1, 0, 0, 0, 0)
shape = SubResource("CapsuleShape3D_mi7px")

[node name="Physical Bone mixamorig_LeftHandRing3" type="PhysicalBone3D" parent="RootNode/Skeleton3D" index="28"]
transform = Transform3D(0.123596, 0.474043, 0.871784, 0.457013, 0.752616, -0.474034, -0.880832, 0.457004, -0.123627, 0.11805, 1.74586, -0.00302944)
joint_type = 1
joint_offset = Transform3D(1, 0, 0, 0, 1, 0, 0, 0, 1, 5.22067e-09, -1.2379e-08, 0.0183006)
body_offset = Transform3D(1, 2.68221e-07, 6.22869e-06, 2.17557e-06, -4.89131e-06, -1, 5.36442e-07, 1, -5.83753e-06, -1.19209e-07, 0.0183006, 1.19209e-07)
bone_name = "mixamorig_LeftHandRing3"
joint_constraints/bias = 0.3
joint_constraints/damping = 1.0
joint_constraints/impulse_clamp = 0.0

[node name="CollisionShape3D" type="CollisionShape3D" parent="RootNode/Skeleton3D/Physical Bone mixamorig_LeftHandRing3" index="0"]
transform = Transform3D(1, 0, 0, 0, 0, 1, 0, -1, 0, 0, 0, 0)
shape = SubResource("CapsuleShape3D_vfqf1")

[node name="Physical Bone mixamorig_LeftHandPinky1" type="PhysicalBone3D" parent="RootNode/Skeleton3D" index="29"]
transform = Transform3D(0.123346, 0.474046, 0.871817, 0.457148, 0.752613, -0.473909, -0.880796, 0.457004, -0.123879, 0.19122, 1.72161, -0.0338247)
joint_type = 1
joint_offset = Transform3D(1, 0, 0, 0, 1, 0, 0, 0, 1, -1.25065e-07, -1.88104e-07, 0.0206833)
body_offset = Transform3D(1, -2.08616e-07, 2.83122e-07, 0, -1.11759e-07, -1, 0, 1, -2.43261e-06, 1.19209e-07, 0.0206833, 2.38419e-07)
bone_name = "mixamorig_LeftHandPinky1"
joint_constraints/bias = 0.3
joint_constraints/damping = 1.0
joint_constraints/impulse_clamp = 0.0

[node name="CollisionShape3D" type="CollisionShape3D" parent="RootNode/Skeleton3D/Physical Bone mixamorig_LeftHandPinky1" index="0"]
transform = Transform3D(1, 0, 0, 0, 0, 1, 0, -1, 0, 0, 0, 0)
shape = SubResource("CapsuleShape3D_j1214")

[node name="Physical Bone mixamorig_LeftHandPinky2" type="PhysicalBone3D" parent="RootNode/Skeleton3D" index="30"]
transform = Transform3D(0.123989, 0.474037, 0.871736, 0.456807, 0.752623, -0.47424, -0.880903, 0.457008, -0.123226, 0.161873, 1.73756, -0.0296643)
joint_type = 1
joint_offset = Transform3D(1, 0, 0, 0, 1, 0, 0, 0, 1, 2.98009e-06, 7.07788e-06, 0.0129747)
body_offset = Transform3D(1.00002, -9.83477e-07, 7.45058e-09, 2.6077e-07, 1.29268e-06, -1.00001, -6.25849e-07, 1, -3.43472e-06, -2.98023e-06, 0.0129747, -7.03335e-06)
bone_name = "mixamorig_LeftHandPinky2"
joint_constraints/bias = 0.3
joint_constraints/damping = 1.0
joint_constraints/impulse_clamp = 0.0

[node name="CollisionShape3D" type="CollisionShape3D" parent="RootNode/Skeleton3D/Physical Bone mixamorig_LeftHandPinky2" index="0"]
transform = Transform3D(1, 0, 0, 0, 0, 1, 0, -1, 0, 0, 0, 0)
shape = SubResource("CapsuleShape3D_erhka")

[node name="Physical Bone mixamorig_LeftHandPinky3" type="PhysicalBone3D" parent="RootNode/Skeleton3D" index="31"]
transform = Transform3D(0.123586, 0.474042, 0.871786, 0.457017, 0.752619, -0.474031, -0.88083, 0.457004, -0.123632, 0.137822, 1.75064, -0.0262577)
joint_type = 1
joint_offset = Transform3D(1, 0, 0, 0, 1, 0, 0, 0, 1, -5.37228e-08, 3.53998e-09, 0.0146193)
body_offset = Transform3D(1, 1.49012e-06, -4.02331e-07, 2.98023e-08, 1.62795e-06, -1, 0, 1, -2.42144e-07, 5.96046e-08, 0.0146194, 0)
bone_name = "mixamorig_LeftHandPinky3"
joint_constraints/bias = 0.3
joint_constraints/damping = 1.0
joint_constraints/impulse_clamp = 0.0

[node name="CollisionShape3D" type="CollisionShape3D" parent="RootNode/Skeleton3D/Physical Bone mixamorig_LeftHandPinky3" index="0"]
transform = Transform3D(1, 0, 0, 0, 0, 1, 0, -1, 0, 0, 0, 0)
shape = SubResource("CapsuleShape3D_77qvm")

[node name="Physical Bone mixamorig_RightShoulder" type="PhysicalBone3D" parent="RootNode/Skeleton3D" index="32"]
transform = Transform3D(-0.0966402, 0.138904, 0.985579, 0.00430307, -0.990146, 0.13997, 0.99531, 0.0177677, 0.0950908, -0.124765, 1.42926, -0.041849)
joint_type = 1
joint_offset = Transform3D(1, 0, 0, 0, 1, 0, 0, 0, 1, 4.5434e-08, -1.01306e-05, 0.0646105)
body_offset = Transform3D(1, 0, 5.36442e-07, 0, 8.14907e-10, -1, 0, 1, -3.37604e-08, -8.00937e-08, 0.0646105, 1.01328e-05)
bone_name = "mixamorig_RightShoulder"
joint_constraints/bias = 0.3
joint_constraints/damping = 1.0
joint_constraints/impulse_clamp = 0.0

[node name="CollisionShape3D" type="CollisionShape3D" parent="RootNode/Skeleton3D/Physical Bone mixamorig_RightShoulder" index="0"]
transform = Transform3D(1, 0, 0, 0, 0, 1, 0, -1, 0, 0, 0, 0)
shape = SubResource("CapsuleShape3D_5diy3")

[node name="Physical Bone mixamorig_RightArm" type="PhysicalBone3D" parent="RootNode/Skeleton3D" index="33"]
transform = Transform3D(-0.0702296, 0.0118155, 0.997388, -0.000411532, -0.999845, 0.0118148, 0.99837, 0.000412334, 0.0702254, -0.325111, 1.4186, -0.0576157)
joint_type = 1
joint_offset = Transform3D(1, 0, 0, 0, 1, 0, 0, 0, 1, 1.68292e-07, -1.27977e-08, 0.137022)
body_offset = Transform3D(1.00092, -1.16706e-08, -1.22935e-06, -6.10501e-05, -5.07613e-07, -1.00001, -6.64176e-06, 1, 9.34069e-08, 0, 0.137023, 0)
bone_name = "mixamorig_RightArm"
joint_constraints/bias = 0.3
joint_constraints/damping = 1.0
joint_constraints/impulse_clamp = 0.0

[node name="CollisionShape3D" type="CollisionShape3D" parent="RootNode/Skeleton3D/Physical Bone mixamorig_RightArm" index="0"]
transform = Transform3D(1, 0, 0, 0, 0, 1, 0, -1, 0, 0, 0, 0)
shape = SubResource("CapsuleShape3D_d8vas")

[node name="Physical Bone mixamorig_RightForeArm" type="PhysicalBone3D" parent="RootNode/Skeleton3D" index="34"]
transform = Transform3D(0.182416, -0.968427, 0.169917, -0.150985, -0.198348, -0.968428, 0.971561, 0.151013, -0.182401, -0.485259, 1.5507, -0.0420545)
joint_type = 1
joint_offset = Transform3D(1, 0, 0, 0, 1, 0, 0, 0, 1, -3.35929e-07, -2.22046e-07, 0.138075)
body_offset = Transform3D(1, 1.02222e-05, -8.04663e-07, -2.38419e-07, 1.02669e-05, -0.999997, -8.34465e-07, 0.999999, -1.30571e-06, 4.47035e-07, 0.138074, 4.02331e-07)
bone_name = "mixamorig_RightForeArm"
joint_constraints/bias = 0.3
joint_constraints/damping = 1.0
joint_constraints/impulse_clamp = 0.0

[node name="CollisionShape3D" type="CollisionShape3D" parent="RootNode/Skeleton3D/Physical Bone mixamorig_RightForeArm" index="0"]
transform = Transform3D(1, 0, 0, 0, 0, 1, 0, -1, 0, 0, 0, 0)
shape = SubResource("CapsuleShape3D_mcctq")

[node name="Physical Bone mixamorig_RightHand" type="PhysicalBone3D" parent="RootNode/Skeleton3D" index="35"]
transform = Transform3D(-0.670143, 0.697349, -0.254191, 0.670615, 0.422097, -0.610008, -0.318096, -0.579257, -0.750517, -0.501984, 1.70057, 0.00300966)
joint_type = 1
joint_offset = Transform3D(1, 0, 0, 0, 1, 0, 0, 0, 1, 7.58097e-07, -2.01818e-06, 0.0264901)
body_offset = Transform3D(-0.585195, -0.579895, -0.566806, 1.2666e-07, 0.698991, -0.715131, 0.810893, -0.418491, -0.409046, 0.0150141, 0.0189453, 0.0108342)
bone_name = "mixamorig_RightHand"
joint_constraints/bias = 0.3
joint_constraints/damping = 1.0
joint_constraints/impulse_clamp = 0.0

[node name="CollisionShape3D" type="CollisionShape3D" parent="RootNode/Skeleton3D/Physical Bone mixamorig_RightHand" index="0"]
transform = Transform3D(1, 0, 0, 0, 0, 1, 0, -1, 0, 0, 0, 0)
shape = SubResource("CapsuleShape3D_f3u8m")

[node name="Physical Bone mixamorig_RightHandThumb1" type="PhysicalBone3D" parent="RootNode/Skeleton3D" index="36"]
transform = Transform3D(0.022247, -0.968083, -0.25031, -0.681975, 0.168466, -0.711893, 0.731301, 0.186545, -0.656174, -0.489314, 1.73362, 0.0384591)
joint_type = 1
joint_offset = Transform3D(1, 0, 0, 0, 1, 0, 0, 0, 1, 5.68356e-07, -6.72676e-07, 0.0237243)
body_offset = Transform3D(1.00019, -9.49204e-06, 1.16229e-06, -6.33001e-05, 1.57729e-05, -1.00001, 3.50177e-06, 1.00018, 7.22706e-07, -5.96046e-07, 0.0237244, 6.55651e-07)
bone_name = "mixamorig_RightHandThumb1"
joint_constraints/bias = 0.3
joint_constraints/damping = 1.0
joint_constraints/impulse_clamp = 0.0

[node name="CollisionShape3D" type="CollisionShape3D" parent="RootNode/Skeleton3D/Physical Bone mixamorig_RightHandThumb1" index="0"]
transform = Transform3D(1, 0, 0, 0, 0, 1, 0, -1, 0, 0, 0, 0)
shape = SubResource("CapsuleShape3D_ag583")

[node name="Physical Bone mixamorig_RightHandThumb2" type="PhysicalBone3D" parent="RootNode/Skeleton3D" index="37"]
transform = Transform3D(0.022262, -0.967915, -0.250292, -0.681801, 0.168406, -0.711891, 0.731201, 0.186497, -0.656176, -0.477886, 1.76611, 0.0684022)
joint_type = 1
joint_offset = Transform3D(1, 0, 0, 0, 1, 0, 0, 0, 1, 1.3113e-06, 5.00646e-06, 0.0219101)
body_offset = Transform3D(1, -5.96046e-08, 0, 1.78814e-07, -1.71363e-07, -1, -1.04308e-07, 1, 1.49012e-08, -1.3113e-06, 0.0219101, -5.00679e-06)
bone_name = "mixamorig_RightHandThumb2"
joint_constraints/bias = 0.3
joint_constraints/damping = 1.0
joint_constraints/impulse_clamp = 0.0

[node name="CollisionShape3D" type="CollisionShape3D" parent="RootNode/Skeleton3D/Physical Bone mixamorig_RightHandThumb2" index="0"]
transform = Transform3D(1, 0, 0, 0, 0, 1, 0, -1, 0, 0, 0, 0)
shape = SubResource("CapsuleShape3D_3jbgu")

[node name="Physical Bone mixamorig_RightHandThumb3" type="PhysicalBone3D" parent="RootNode/Skeleton3D" index="38"]
transform = Transform3D(0.022261, -0.967917, -0.250298, -0.681803, 0.168411, -0.711889, 0.731198, 0.186502, -0.656177, -0.468076, 1.79401, 0.094129)
joint_type = 1
joint_offset = Transform3D(1, 0, 0, 0, 1, 0, 0, 0, 1, -4.47791e-06, 3.46742e-06, 0.0172889)
body_offset = Transform3D(1, 5.96046e-08, -3.01003e-06, -3.33786e-06, 6.49691e-06, -1, -2.98023e-08, 1, 6.29574e-06, 4.52995e-06, 0.0172889, -3.57628e-06)
bone_name = "mixamorig_RightHandThumb3"
joint_constraints/bias = 0.3
joint_constraints/damping = 1.0
joint_constraints/impulse_clamp = 0.0

[node name="CollisionShape3D" type="CollisionShape3D" parent="RootNode/Skeleton3D/Physical Bone mixamorig_RightHandThumb3" index="0"]
transform = Transform3D(1, 0, 0, 0, 0, 1, 0, -1, 0, 0, 0, 0)
shape = SubResource("CapsuleShape3D_oe21i")

[node name="Physical Bone mixamorig_RightHandIndex1" type="PhysicalBone3D" parent="RootNode/Skeleton3D" index="39"]
transform = Transform3D(0.131846, -0.731274, -0.669222, -0.291462, 0.616677, -0.731276, 0.947453, 0.291468, -0.131833, -0.411375, 1.7817, 0.029276)
joint_type = 1
joint_offset = Transform3D(1, 0, 0, 0, 1, 0, 0, 0, 1, 1.85373e-05, 5.86513e-05, 0.0197059)
body_offset = Transform3D(1, -1.69873e-06, -7.45058e-09, -7.45058e-09, 2.03773e-06, -1, 0, 1, -2.23517e-08, -1.8537e-05, 0.0197059, -5.8651e-05)
bone_name = "mixamorig_RightHandIndex1"
joint_constraints/bias = 0.3
joint_constraints/damping = 1.0
joint_constraints/impulse_clamp = 0.0

[node name="CollisionShape3D" type="CollisionShape3D" parent="RootNode/Skeleton3D/Physical Bone mixamorig_RightHandIndex1" index="0"]
transform = Transform3D(1, 0, 0, 0, 0, 1, 0, -1, 0, 0, 0, 0)
shape = SubResource("CapsuleShape3D_hfaih")

[node name="Physical Bone mixamorig_RightHandIndex2" type="PhysicalBone3D" parent="RootNode/Skeleton3D" index="40"]
transform = Transform3D(0.131854, -0.731273, -0.669223, -0.291453, 0.616676, -0.731282, 0.947454, 0.291468, -0.131822, -0.38715, 1.80826, 0.0340875)
joint_type = 1
joint_offset = Transform3D(1, 0, 0, 0, 1, 0, 0, 0, 1, 5.84138e-06, -5.36416e-06, 0.0170522)
body_offset = Transform3D(1, -7.45058e-07, -7.45058e-09, 7.45058e-09, 1.38953e-06, -1.00001, 2.98023e-08, 1, -1.49012e-08, -5.84126e-06, 0.0170523, 5.36442e-06)
bone_name = "mixamorig_RightHandIndex2"
joint_constraints/bias = 0.3
joint_constraints/damping = 1.0
joint_constraints/impulse_clamp = 0.0

[node name="CollisionShape3D" type="CollisionShape3D" parent="RootNode/Skeleton3D/Physical Bone mixamorig_RightHandIndex2" index="0"]
transform = Transform3D(1, 0, 0, 0, 0, 1, 0, -1, 0, 0, 0, 0)
shape = SubResource("CapsuleShape3D_iqd2i")

[node name="Physical Bone mixamorig_RightHandIndex3" type="PhysicalBone3D" parent="RootNode/Skeleton3D" index="41"]
transform = Transform3D(0.131854, -0.731273, -0.669239, -0.291453, 0.616676, -0.731302, 0.947455, 0.291468, -0.131827, -0.365404, 1.83201, 0.0383743)
joint_type = 1
joint_offset = Transform3D(1, 0, 0, 0, 1, 0, 0, 0, 1, 7.27891e-08, -8.04195e-07, 0.0153885)
body_offset = Transform3D(1, -7.45058e-07, -8.56817e-07, 1.19209e-07, 1.38953e-06, -1.00003, 2.98023e-08, 1, -1.96695e-06, -5.96046e-08, 0.015389, 8.34465e-07)
bone_name = "mixamorig_RightHandIndex3"
joint_constraints/bias = 0.3
joint_constraints/damping = 1.0
joint_constraints/impulse_clamp = 0.0

[node name="CollisionShape3D" type="CollisionShape3D" parent="RootNode/Skeleton3D/Physical Bone mixamorig_RightHandIndex3" index="0"]
transform = Transform3D(1, 0, 0, 0, 0, 1, 0, -1, 0, 0, 0, 0)
shape = SubResource("CapsuleShape3D_lduoi")

[node name="Physical Bone mixamorig_RightHandMiddle1" type="PhysicalBone3D" parent="RootNode/Skeleton3D" index="42"]
transform = Transform3D(7.15256e-07, 8.72612e-05, 1, 0, -1, 8.72612e-05, 1, 5.62506e-21, -7.15256e-07, -0.441292, 1.77783, -2.94634e-05)
joint_type = 1
joint_offset = Transform3D(1, 0, 0, 0, 1, 0, 0, 0, 1, 4.53759e-39, -8.06674e-19, 0.0180698)
body_offset = Transform3D(1, 5.62506e-21, 0, 0, 4.02336e-27, -1, 0, 1, 4.4642e-17, 0, 0.0180698, 0)
bone_name = "mixamorig_RightHandMiddle1"
joint_constraints/bias = 0.3
joint_constraints/damping = 1.0
joint_constraints/impulse_clamp = 0.0

[node name="CollisionShape3D" type="CollisionShape3D" parent="RootNode/Skeleton3D/Physical Bone mixamorig_RightHandMiddle1" index="0"]
transform = Transform3D(1, 0, 0, 0, 0, 1, 0, -1, 0, 0, 0, 0)
shape = SubResource("CapsuleShape3D_076rd")

[node name="Physical Bone mixamorig_RightHandMiddle2" type="PhysicalBone3D" parent="RootNode/Skeleton3D" index="43"]
